1 0.000000 0.000000 0.000000
2 0.349867 0.025672 0.026775
3 0.536790 0.023121 0.024208
4 0.680029 0.021635 0.021400
5 0.758294 0.016265 0.016404
6 0.796070 0.017809 0.016880
7 0.814571 0.013132 0.014206
8 0.830661 0.017566 0.017910
9 0.849348 0.018913 0.019716
10 0.874136 0.022837 0.024415
11 0.875739 0.019934 0.020945
12 0.891426 0.018044 0.019366
13 0.910314 0.017560 0.017744
14 0.906976 0.016329 0.016765
15 0.920021 0.018572 0.019109
16 0.935984 0.018337 0.018302
17 0.926018 0.019448 0.019306
18 0.930207 0.019330 0.019793
19 0.935995 0.017154 0.017628
20 0.941628 0.017699 0.017632
