1 0.000000 0.000000 0.000000
2 0.066618 0.010609 0.010346
3 0.130290 0.013502 0.014637
4 0.217761 0.014841 0.014123
5 0.313413 0.016312 0.017022
6 0.381647 0.023374 0.023398
7 0.443862 0.022279 0.023509
8 0.498917 0.022658 0.022822
9 0.554220 0.022833 0.022758
10 0.615842 0.020254 0.019312
11 0.645351 0.021822 0.022275
12 0.683141 0.021765 0.020509
13 0.693639 0.024782 0.025201
14 0.729741 0.025393 0.025331
15 0.732650 0.026175 0.025623
16 0.773905 0.021731 0.021779
17 0.804746 0.020804 0.022593
18 0.818836 0.024695 0.025768
19 0.857861 0.020179 0.021111
20 0.883911 0.019678 0.019686
