1 0.000000 0.000000 0.000000
2 0.027565 0.007275 0.006993
3 0.011605 0.004411 0.004453
4 0.025795 0.005505 0.005633
5 0.040468 0.007375 0.007358
6 0.063401 0.010498 0.009980
7 0.104069 0.015416 0.015049
8 0.120188 0.014390 0.014595
9 0.144546 0.018459 0.017773
10 0.186811 0.021594 0.021948
11 0.231856 0.020262 0.019239
12 0.233023 0.020073 0.020391
13 0.264792 0.020997 0.022978
14 0.327882 0.026443 0.026075
15 0.368083 0.024198 0.024671
16 0.399425 0.027366 0.027460
17 0.458517 0.027088 0.027198
18 0.516246 0.029290 0.029077
19 0.550702 0.031124 0.030383
20 0.588087 0.025621 0.024906
