1 0.144791 0.005412 0.005435
2 0.185254 0.006798 0.007027
3 0.220294 0.007253 0.007294
4 0.247315 0.008145 0.008113
5 0.267264 0.008067 0.008038
6 0.286455 0.008561 0.008268
7 0.304133 0.009492 0.008962
8 0.318825 0.009046 0.008975
9 0.331660 0.009146 0.008990
10 0.343643 0.009345 0.009143
11 0.354628 0.009607 0.009077
12 0.364863 0.009695 0.009373
13 0.372302 0.010283 0.009853
14 0.379598 0.010721 0.010147
15 0.387132 0.010760 0.010484
16 0.394406 0.011119 0.010906
17 0.401713 0.011526 0.011171
18 0.407858 0.011971 0.011562
19 0.412948 0.012267 0.012148
20 0.418997 0.012984 0.012552
