1 0.187689 0.005178 0.005154
2 0.238681 0.005144 0.005352
3 0.283973 0.005184 0.005228
4 0.319552 0.006269 0.006165
5 0.347084 0.006176 0.006102
6 0.372174 0.006666 0.006533
7 0.393611 0.007527 0.007407
8 0.412847 0.007405 0.007151
9 0.429808 0.007677 0.007613
10 0.444831 0.007629 0.007749
11 0.458412 0.007696 0.007859
12 0.470981 0.008045 0.008002
13 0.481529 0.008296 0.008170
14 0.491262 0.008811 0.008649
15 0.500305 0.008896 0.008893
16 0.509173 0.009053 0.009096
17 0.516816 0.009371 0.009326
18 0.523192 0.009352 0.009702
19 0.528580 0.009526 0.010078
20 0.533375 0.009816 0.010381
