1 8.088210 0.245256 0.248620
2 6.814877 0.277724 0.294894
3 6.608203 0.234382 0.237046
4 6.277626 0.256421 0.243466
5 5.840877 0.236383 0.233356
6 5.551335 0.247870 0.237940
7 5.340987 0.208740 0.201172
8 5.077037 0.210910 0.216012
9 4.902624 0.158931 0.167506
10 4.924308 0.186312 0.202525
11 4.752046 0.177894 0.178325
12 4.638409 0.192330 0.189055
13 4.411058 0.175579 0.177448
14 4.284694 0.190420 0.192896
15 4.311986 0.164968 0.159875
16 4.185758 0.148020 0.138619
17 4.103365 0.190844 0.182448
18 4.105828 0.211549 0.224057
19 3.961823 0.158430 0.157233
20 4.008582 0.176139 0.176533
