1 13.890028 0.145178 0.155004
2 17.984120 0.552853 0.567955
3 21.868562 0.829898 0.832428
4 24.027630 1.050055 1.063301
5 24.983520 1.164471 1.139896
6 25.428326 1.260009 1.267081
7 25.231634 1.323539 1.345066
8 24.898431 1.275358 1.374937
9 24.361478 1.301797 1.389824
10 23.751025 1.318866 1.394846
11 23.062738 1.319450 1.427891
12 22.319284 1.310407 1.421937
13 21.638033 1.315710 1.380122
14 20.938829 1.308978 1.367769
15 20.283636 1.285121 1.341537
16 19.655996 1.234164 1.277769
17 19.054998 1.190716 1.228612
18 18.474584 1.158064 1.195408
19 17.877780 1.135006 1.145789
20 17.300488 1.091639 1.104458
