1 8.088210 0.245256 0.248620
2 11.597420 0.545529 0.546200
3 15.029837 0.732151 0.723241
4 17.394138 0.924032 0.926488
5 19.001226 1.052074 1.049575
6 20.209470 1.266552 1.249737
7 21.161856 1.375769 1.315670
8 21.597533 1.460592 1.411471
9 21.857436 1.585113 1.597568
10 22.036959 1.698984 1.757219
11 22.121941 1.801180 1.840881
12 22.080624 1.902689 1.939801
13 21.800721 1.982346 2.033216
14 21.511520 2.016111 2.107263
15 21.257393 2.080089 2.197444
16 20.893203 2.132741 2.212223
17 20.644121 2.152799 2.238468
18 20.377151 2.162723 2.222995
19 19.956298 2.137149 2.253573
20 19.478665 2.103143 2.214069
