1 13.890028 0.145178 0.155004
2 11.691784 0.400177 0.399416
3 12.018149 0.283662 0.291802
4 11.805786 0.294690 0.283286
5 11.329729 0.264526 0.254427
6 10.939354 0.351895 0.337881
7 10.419715 0.326385 0.341700
8 10.123930 0.354189 0.344447
9 9.783875 0.327814 0.307376
10 9.748629 0.322043 0.316845
11 9.494784 0.325976 0.338307
12 9.256032 0.337071 0.335506
13 9.019963 0.310081 0.294333
14 8.751909 0.289405 0.299652
15 8.510718 0.333633 0.321031
16 8.480584 0.294353 0.282771
17 8.280596 0.342399 0.333602
18 8.162456 0.345114 0.341302
19 7.887859 0.317860 0.326303
20 7.727852 0.346148 0.341103
