1 0.084868 0.007513 0.007645
2 0.104662 0.009681 0.009897
3 0.120062 0.010708 0.011017
4 0.132467 0.012933 0.013254
5 0.142645 0.013807 0.014249
6 0.152182 0.014885 0.015146
7 0.162253 0.015721 0.016621
8 0.171626 0.016253 0.017176
9 0.180175 0.017063 0.017705
10 0.187706 0.017617 0.018073
11 0.195534 0.018347 0.018592
12 0.202878 0.018787 0.019065
13 0.209894 0.019309 0.019385
14 0.216609 0.019723 0.019669
15 0.223661 0.019839 0.019698
16 0.231001 0.019834 0.019938
17 0.237295 0.019943 0.020126
18 0.243643 0.019450 0.019998
19 0.250654 0.019769 0.019848
20 0.257957 0.019456 0.019463
