1 0.084868 0.007513 0.007645
2 0.125326 0.012460 0.013113
3 0.155979 0.013329 0.013279
4 0.175996 0.020253 0.020936
5 0.189564 0.018073 0.019298
6 0.209270 0.020639 0.021125
7 0.231792 0.021665 0.022498
8 0.254785 0.020726 0.020384
9 0.265570 0.023334 0.022808
10 0.270429 0.022548 0.021985
11 0.289522 0.023752 0.022828
12 0.298400 0.021728 0.021170
13 0.323900 0.024203 0.024273
14 0.334934 0.024788 0.024499
15 0.350309 0.024279 0.023491
16 0.378927 0.020317 0.019732
17 0.372902 0.019317 0.019433
18 0.393817 0.018551 0.017933
19 0.422020 0.016591 0.015270
20 0.425372 0.013864 0.013832
