1 0.010649 0.002652 0.002644
2 0.025445 0.003183 0.003246
3 0.034808 0.003992 0.004121
4 0.043995 0.004074 0.004198
5 0.051908 0.005021 0.004918
6 0.060338 0.005695 0.005535
7 0.069035 0.005363 0.005189
8 0.077119 0.006286 0.006034
9 0.080788 0.006283 0.005933
10 0.085460 0.006491 0.006009
11 0.092368 0.007307 0.006759
12 0.097047 0.007285 0.006762
13 0.103595 0.007841 0.007632
14 0.109125 0.008133 0.008295
15 0.113161 0.008053 0.007871
16 0.116427 0.008213 0.008115
17 0.120847 0.009000 0.008876
18 0.124915 0.009079 0.009666
19 0.127476 0.009872 0.010360
20 0.143233 0.010495 0.010696
