1 0.014508 0.005619 0.005809
2 0.030103 0.010103 0.010850
3 0.037297 0.012059 0.011750
4 0.041651 0.014032 0.013660
5 0.044500 0.013938 0.013596
6 0.050173 0.015093 0.014589
7 0.055922 0.016557 0.016301
8 0.060329 0.017948 0.017680
9 0.061725 0.018550 0.018434
10 0.063121 0.018676 0.018784
11 0.068901 0.019853 0.019584
12 0.074732 0.020995 0.020897
13 0.077656 0.020586 0.020598
14 0.081886 0.020530 0.020654
15 0.087753 0.021953 0.021929
16 0.092259 0.020830 0.021782
17 0.100843 0.023542 0.023284
18 0.102296 0.023566 0.023332
19 0.109443 0.024913 0.025160
20 0.117966 0.026769 0.027967
