1 0.012790 0.002610 0.002606
2 0.025472 0.002990 0.002861
3 0.033381 0.003857 0.003643
4 0.039084 0.003807 0.003892
5 0.045872 0.004285 0.004247
6 0.053874 0.004945 0.004914
7 0.060604 0.005208 0.004948
8 0.069746 0.005240 0.005391
9 0.074143 0.005611 0.005558
10 0.078036 0.005972 0.006250
11 0.082034 0.006677 0.006873
12 0.086714 0.007306 0.007507
13 0.092587 0.008139 0.008582
14 0.099604 0.008868 0.009184
15 0.105392 0.008725 0.008894
16 0.110529 0.008585 0.008915
17 0.113004 0.009036 0.008822
18 0.116222 0.008960 0.009016
19 0.118395 0.009109 0.008806
20 0.134419 0.009831 0.009510
