1 0.112255 0.006216 0.006061
2 0.139187 0.006187 0.006393
3 0.164896 0.005754 0.005995
4 0.187591 0.006300 0.006516
5 0.206777 0.006480 0.006414
6 0.225079 0.006598 0.006553
7 0.241694 0.007038 0.006967
8 0.257442 0.007016 0.006833
9 0.272593 0.007071 0.006826
10 0.285915 0.007153 0.006893
11 0.298833 0.007339 0.007041
12 0.310903 0.007358 0.007018
13 0.322479 0.007505 0.007049
14 0.333384 0.007807 0.007158
15 0.344027 0.007841 0.007182
16 0.354599 0.007878 0.007235
17 0.364442 0.007881 0.007269
18 0.373880 0.007761 0.007200
19 0.383086 0.007718 0.007213
20 0.391825 0.007609 0.007179
