1 0.112255 0.006216 0.006061
2 0.166119 0.007651 0.007670
3 0.216314 0.007002 0.006765
4 0.255676 0.010206 0.009764
5 0.283524 0.007598 0.007768
6 0.316587 0.008745 0.008578
7 0.341381 0.010195 0.010531
8 0.367677 0.008633 0.008628
9 0.393808 0.007915 0.008009
10 0.405811 0.008376 0.008604
11 0.428012 0.009171 0.008810
12 0.443676 0.009136 0.009476
13 0.461382 0.010226 0.010143
14 0.475154 0.010481 0.010387
15 0.493024 0.009418 0.009890
16 0.513183 0.008761 0.008834
17 0.521926 0.009224 0.009268
18 0.534333 0.007684 0.007719
19 0.548799 0.008324 0.008607
20 0.557863 0.008865 0.009139
