0.000000 0.000000 0.000000 0.000000
0.041667 0.173781 0.058673 0.058103
0.083333 0.386300 0.098530 0.096792
0.125000 0.714379 0.112535 0.110561
0.166667 1.051336 0.092103 0.091521
0.208333 1.468153 0.100607 0.098757
0.250000 1.841997 0.134563 0.138679
0.291667 2.172901 0.158512 0.165264
0.333333 2.474659 0.140008 0.143699
0.375000 2.352419 0.117407 0.115919
0.416667 2.263569 0.099318 0.098336
0.458333 2.231888 0.124762 0.127824
0.500000 1.903644 0.122622 0.125342
0.541667 1.669472 0.122027 0.119477
0.583333 1.162187 0.135808 0.131640
0.625000 0.724430 0.101559 0.106488
0.666667 0.445490 0.090574 0.095573
0.708333 0.298821 0.063527 0.063084
0.750000 0.250580 0.055932 0.051124
0.791667 0.202606 0.048016 0.046795
0.833333 0.105869 0.029131 0.029397
0.875000 0.057948 0.029171 0.028383
0.916667 0.018517 0.008925 0.010680
0.958333 0.000000 0.000000 0.000000
1.000000 0.000000 0.000000 0.000000
