0.000000 0.000000 0.000000 0.000000
0.041667 0.000000 0.000000 0.000000
0.083333 0.000000 0.000000 0.000000
0.125000 0.000000 0.000000 0.000000
0.166667 0.238296 0.092310 0.095038
0.208333 0.719427 0.135485 0.137716
0.250000 1.693534 0.195949 0.200345
0.291667 2.854343 0.312376 0.311125
0.333333 3.862901 0.310590 0.309760
0.375000 4.003728 0.221391 0.216896
0.416667 3.529429 0.196096 0.190378
0.458333 2.752066 0.228256 0.221555
0.500000 2.031654 0.315968 0.301679
0.541667 1.206538 0.192045 0.194428
0.583333 0.723569 0.130976 0.109764
0.625000 0.246396 0.148357 0.137297
0.666667 0.145138 0.049900 0.052393
0.708333 0.096086 0.048124 0.049900
0.750000 0.046911 0.046911 0.049707
0.791667 0.046911 0.046911 0.049707
0.833333 0.000000 0.000000 0.000000
0.875000 0.000000 0.000000 0.000000
0.916667 0.000000 0.000000 0.000000
0.958333 0.000000 0.000000 0.000000
1.000000 0.000000 0.000000 0.000000
