1 23.862854 1.260372 1.303550
2 33.426146 1.382381 1.406079
3 42.220900 1.199075 1.156761
4 47.213837 1.320534 1.244242
5 50.963263 0.834943 0.906652
6 53.944631 0.984301 1.032772
7 56.675716 1.361227 1.365892
8 58.501485 0.885333 0.901260
9 61.856946 0.684707 0.704411
10 62.179133 1.024442 0.977583
11 64.064509 1.021865 1.006233
12 65.236393 1.116370 1.018943
13 66.875061 1.071281 1.031002
14 67.047670 1.461787 1.389740
15 69.111776 1.093746 1.101100
16 70.077864 1.010937 0.952639
17 70.013876 1.188960 1.153713
18 70.969702 0.992854 0.981367
19 71.879584 0.961015 0.991580
20 71.805427 1.002364 0.970361
