1 5.164118 0.425955 0.418479
2 9.108609 0.637926 0.605152
3 13.638529 0.689999 0.696747
4 18.045641 1.196899 1.214324
5 20.907920 1.035859 1.051955
6 24.566146 0.980631 1.024305
7 27.419058 1.032101 1.045231
8 31.112108 1.037173 1.000932
9 33.758613 0.842952 0.846916
10 35.342120 0.967423 1.002276
11 37.985756 0.961783 0.957576
12 39.466402 0.971100 0.985140
13 40.830210 1.058183 1.051082
14 42.837017 1.055303 1.008670
15 44.064821 1.001653 0.957292
16 46.157053 0.858451 0.863689
17 47.180753 0.944209 0.966498
18 48.261310 0.791270 0.759494
19 49.564099 0.855551 0.837135
20 50.173683 0.845945 0.821887
