1 1.394132 0.101378 0.100071
2 2.483384 0.322212 0.331830
3 2.761554 0.164453 0.177777
4 4.028819 0.466524 0.475122
5 4.963776 0.446907 0.450765
6 7.284380 0.588001 0.612229
7 8.419511 0.667660 0.685847
8 10.026899 0.649705 0.653869
9 11.106285 0.901764 0.905732
10 12.453480 0.691933 0.671581
11 13.940861 0.910526 0.942870
12 15.533479 0.905274 0.887874
13 17.329351 1.113282 1.176134
14 18.882044 0.792790 0.805089
15 20.432926 1.153641 1.178228
16 22.837638 1.053403 1.084292
17 24.247324 0.754628 0.741870
18 25.573335 0.907652 0.873918
19 27.280723 0.955878 0.953691
20 29.201865 1.025547 0.969814
