1 23.862854 1.260372 1.303550
2 36.613296 1.380521 1.389480
3 45.770733 1.290845 1.307408
4 51.021613 1.463611 1.424614
5 55.047528 1.384878 1.431331
6 58.099849 1.408349 1.389325
7 60.665519 1.537700 1.538097
8 62.943303 1.287482 1.363288
9 65.724329 1.154974 1.150000
10 66.659368 1.223017 1.193676
11 67.620574 1.199500 1.196927
12 68.770063 1.294759 1.284525
13 69.766448 1.317250 1.355240
14 70.658810 1.363927 1.357132
15 71.573246 1.388956 1.369512
16 72.466205 1.266205 1.289707
17 73.099249 1.311933 1.301416
18 73.836910 1.235341 1.277104
19 74.438854 1.231603 1.245699
20 74.726734 1.307872 1.282213
