1 5.164118 0.425955 0.418479
2 11.853170 0.581637 0.567793
3 18.690128 0.792301 0.857870
4 23.971147 1.191959 1.235283
5 28.108799 1.306560 1.322280
6 32.010294 1.293894 1.337621
7 35.902594 1.280233 1.398466
8 38.999363 1.168458 1.242202
9 41.682680 1.148611 1.195763
10 43.499719 1.188244 1.237855
11 45.307126 1.301514 1.309602
12 47.169801 1.230456 1.244110
13 48.428083 1.274668 1.309152
14 49.756710 1.309049 1.324394
15 51.103152 1.223127 1.214585
16 52.289205 1.255333 1.274834
17 53.313382 1.270234 1.229748
18 53.895073 1.254254 1.257569
19 54.377386 1.336481 1.335060
20 54.955689 1.341063 1.326053
