1 1.394132 0.101378 0.100071
2 4.603014 0.392942 0.397650
3 7.583552 0.436107 0.434510
4 10.769459 0.760028 0.763310
5 13.366950 0.703727 0.749199
6 16.562918 0.853379 0.925219
7 19.689019 1.078135 1.118196
8 22.581759 0.967209 0.995375
9 24.703113 0.985213 0.978947
10 26.730245 1.042791 1.018841
11 28.419790 1.157351 1.205177
12 29.975781 1.014911 1.087971
13 31.722174 1.107579 1.145677
14 33.375249 1.247553 1.310637
15 34.806870 1.346703 1.413488
16 36.310223 1.364805 1.427421
17 37.390499 1.255463 1.320364
18 38.463168 1.334608 1.373604
19 39.372468 1.381113 1.426498
20 39.982094 1.422043 1.472076
